Filename:  C:\Users\fisic\Desktop\Estudo espectrometria na calibração\28_11_2025\120kv_4mmAl_200mu_360s.mca
Description:  
TimeStamp:  11/28/2025 14:23:55

Spectral Data Information
Channel	Data
0	0
1	0
2	0
3	0
4	0
5	0
6	0
7	431
8	332
9	357
10	340
11	345
12	315
13	352
14	358
15	320
16	314
17	305
18	332
19	341
20	347
21	281
22	329
23	371
24	311
25	320
26	386
27	457
28	542
29	589
30	580
31	621
32	695
33	724
34	716
35	771
36	827
37	803
38	861
39	870
40	921
41	852
42	862
43	827
44	844
45	833
46	862
47	915
48	946
49	849
50	903
51	906
52	844
53	910
54	872
55	885
56	851
57	896
58	871
59	921
60	849
61	876
62	915
63	876
64	852
65	889
66	936
67	921
68	894
69	914
70	900
71	865
72	923
73	888
74	949
75	908
76	893
77	978
78	922
79	908
80	920
81	921
82	924
83	955
84	936
85	901
86	892
87	884
88	925
89	904
90	942
91	881
92	935
93	923
94	882
95	891
96	937
97	868
98	874
99	840
100	820
101	883
102	910
103	921
104	900
105	833
106	852
107	833
108	892
109	906
110	873
111	855
112	860
113	825
114	853
115	884
116	808
117	876
118	855
119	850
120	827
121	820
122	845
123	829
124	826
125	781
126	782
127	754
128	880
129	816
130	827
131	824
132	824
133	855
134	892
135	872
136	873
137	821
138	867
139	932
140	913
141	838
142	905
143	907
144	899
145	1002
146	931
147	925
148	956
149	989
150	988
151	999
152	1031
153	1070
154	1099
155	1118
156	1085
157	1166
158	1194
159	1238
160	1229
161	1313
162	1350
163	1337
164	1402
165	1456
166	1434
167	1462
168	1451
169	1435
170	1450
171	1603
172	1613
173	1678
174	1747
175	1727
176	1778
177	1812
178	1898
179	1963
180	1967
181	1992
182	2072
183	2088
184	2099
185	2247
186	2297
187	2256
188	2316
189	2285
190	2330
191	2527
192	2587
193	2622
194	2492
195	2669
196	2668
197	2602
198	2557
199	2549
200	2559
201	2616
202	2618
203	2576
204	2707
205	2769
206	2823
207	2764
208	2757
209	2899
210	2984
211	2941
212	2948
213	3090
214	3095
215	3085
216	3080
217	3151
218	3160
219	3237
220	3305
221	3274
222	3269
223	3397
224	3397
225	3447
226	3593
227	3647
228	3681
229	3817
230	3628
231	3746
232	3679
233	3714
234	3833
235	3895
236	4052
237	3987
238	3933
239	3791
240	3631
241	3567
242	3673
243	3633
244	3623
245	3712
246	3784
247	3807
248	3830
249	3848
250	3881
251	3824
252	3796
253	3765
254	3821
255	3885
256	4072
257	4088
258	4277
259	4332
260	4464
261	4393
262	4184
263	4142
264	4135
265	4024
266	4372
267	4373
268	4816
269	4992
270	4794
271	4677
272	4454
273	4249
274	4228
275	4121
276	4201
277	4176
278	4238
279	4251
280	4141
281	4101
282	4273
283	4248
284	4236
285	4313
286	4301
287	4359
288	4240
289	4314
290	4189
291	4520
292	4384
293	4355
294	4496
295	4453
296	4432
297	4542
298	4563
299	4603
300	4478
301	4417
302	4442
303	4539
304	4467
305	4463
306	4521
307	4511
308	4508
309	4456
310	4527
311	4462
312	4751
313	4565
314	4522
315	4517
316	4529
317	4515
318	4675
319	4546
320	4524
321	4450
322	4532
323	4526
324	4568
325	4677
326	4742
327	4780
328	4879
329	4755
330	4612
331	4539
332	4522
333	4494
334	4613
335	4627
336	4485
337	4590
338	4577
339	4511
340	4585
341	4477
342	4521
343	4660
344	4605
345	4592
346	4520
347	4402
348	4462
349	4528
350	4504
351	4571
352	4530
353	4468
354	4487
355	4438
356	4492
357	4399
358	4402
359	4557
360	4440
361	4665
362	4441
363	4464
364	4476
365	4531
366	4520
367	4338
368	4416
369	4481
370	4441
371	4406
372	4365
373	4356
374	4517
375	4500
376	4367
377	4294
378	4394
379	4392
380	4482
381	4449
382	4405
383	4447
384	4367
385	4405
386	4323
387	4338
388	4169
389	4353
390	4409
391	4355
392	4278
393	4396
394	4518
395	4382
396	4301
397	4290
398	4157
399	4245
400	4227
401	4234
402	4389
403	4267
404	4353
405	4239
406	4261
407	4205
408	4280
409	4310
410	4265
411	4323
412	4303
413	4330
414	4312
415	4291
416	4311
417	4311
418	4423
419	4428
420	4480
421	4475
422	4666
423	4739
424	4929
425	5367
426	5922
427	6800
428	8672
429	11322
430	13845
431	14304
432	12370
433	9611
434	7537
435	6718
436	7180
437	8965
438	12200
439	16525
440	20417
441	20827
442	17165
443	11665
444	7578
445	5220
446	4279
447	4119
448	4053
449	4075
450	4171
451	4029
452	3899
453	4051
454	3938
455	3991
456	4069
457	3990
458	3932
459	3941
460	4005
461	3939
462	3959
463	3854
464	3915
465	3972
466	3861
467	3833
468	3911
469	4007
470	3818
471	3928
472	3894
473	3942
474	3890
475	3875
476	3763
477	3868
478	3944
479	3948
480	3832
481	3973
482	3921
483	3806
484	3945
485	4022
486	4037
487	4038
488	4217
489	4298
490	4421
491	4520
492	4746
493	5140
494	5740
495	6295
496	7213
497	8289
498	9257
499	9309
500	8491
501	7157
502	5828
503	4964
504	4301
505	4087
506	3960
507	3984
508	4246
509	4195
510	4333
511	4595
512	4814
513	4864
514	4659
515	4143
516	3554
517	3145
518	2747
519	2585
520	2603
521	2421
522	2520
523	2495
524	2516
525	2599
526	2633
527	2486
528	2542
529	2540
530	2427
531	2448
532	2556
533	2501
534	2606
535	2438
536	2533
537	2552
538	2484
539	2504
540	2486
541	2426
542	2599
543	2444
544	2433
545	2569
546	2438
547	2500
548	2506
549	2474
550	2577
551	2462
552	2439
553	2384
554	2418
555	2517
556	2456
557	2511
558	2589
559	2373
560	2429
561	2381
562	2378
563	2282
564	2307
565	2357
566	2352
567	2327
568	2383
569	2411
570	2313
571	2294
572	2152
573	2290
574	2260
575	2340
576	2252
577	2292
578	2265
579	2348
580	2272
581	2299
582	2253
583	2253
584	2240
585	2255
586	2174
587	2164
588	2199
589	2081
590	2177
591	2179
592	2143
593	2121
594	2135
595	2220
596	2108
597	2119
598	2091
599	2124
600	2150
601	2085
602	2046
603	2113
604	2061
605	2016
606	2067
607	2017
608	2014
609	1984
610	1991
611	2012
612	1916
613	2001
614	2008
615	1968
616	1963
617	1958
618	2070
619	1908
620	1955
621	1903
622	1939
623	2008
624	1959
625	1942
626	1961
627	1957
628	1910
629	1825
630	1902
631	1876
632	1876
633	1819
634	1840
635	1781
636	1767
637	1763
638	1747
639	1687
640	1714
641	1644
642	1660
643	1621
644	1654
645	1718
646	1659
647	1695
648	1641
649	1557
650	1633
651	1557
652	1538
653	1511
654	1616
655	1532
656	1415
657	1492
658	1448
659	1427
660	1509
661	1471
662	1417
663	1387
664	1412
665	1378
666	1398
667	1360
668	1338
669	1349
670	1318
671	1383
672	1253
673	1298
674	1271
675	1242
676	1212
677	1271
678	1245
679	1209
680	1245
681	1212
682	1190
683	1204
684	1185
685	1228
686	1157
687	1103
688	1172
689	1140
690	1081
691	1121
692	1083
693	1117
694	1131
695	1043
696	1079
697	1054
698	1041
699	955
700	1083
701	991
702	1013
703	959
704	1003
705	980
706	1022
707	909
708	997
709	914
710	876
711	952
712	898
713	871
714	887
715	931
716	857
717	838
718	881
719	874
720	823
721	776
722	824
723	746
724	768
725	777
726	780
727	754
728	758
729	759
730	712
731	714
732	665
733	734
734	701
735	655
736	655
737	691
738	683
739	639
740	645
741	620
742	636
743	625
744	610
745	568
746	590
747	601
748	620
749	596
750	541
751	526
752	549
753	525
754	569
755	556
756	553
757	520
758	518
759	472
760	491
761	501
762	511
763	496
764	483
765	507
766	499
767	482
768	503
769	466
770	496
771	462
772	427
773	414
774	475
775	404
776	395
777	364
778	419
779	365
780	426
781	391
782	407
783	428
784	356
785	364
786	391
787	341
788	390
789	366
790	319
791	352
792	321
793	351
794	325
795	347
796	324
797	346
798	296
799	307
800	331
801	317
802	360
803	306
804	304
805	319
806	269
807	283
808	276
809	287
810	231
811	242
812	254
813	261
814	254
815	248
816	234
817	229
818	218
819	199
820	202
821	222
822	228
823	211
824	226
825	218
826	224
827	214
828	205
829	188
830	202
831	196
832	177
833	188
834	168
835	181
836	158
837	157
838	158
839	148
840	150
841	140
842	124
843	150
844	134
845	137
846	101
847	118
848	113
849	123
850	106
851	110
852	96
853	105
854	93
855	86
856	88
857	82
858	77
859	74
860	77
861	97
862	76
863	63
864	60
865	72
866	68
867	60
868	62
869	51
870	34
871	43
872	33
873	32
874	22
875	32
876	28
877	27
878	15
879	22
880	16
881	20
882	8
883	7
884	10
885	3
886	6
887	4
888	1
889	1
890	2
891	1
892	4
893	4
894	4
895	2
896	2
897	1
898	2
899	2
900	3
901	3
902	2
903	4
904	0
905	0
906	6
907	1
908	1
909	5
910	3
911	4
912	1
913	1
914	1
915	3
916	0
917	3
918	3
919	3
920	7
921	4
922	3
923	2
924	2
925	1
926	2
927	0
928	2
929	0
930	4
931	4
932	3
933	0
934	2
935	1
936	4
937	5
938	4
939	2
940	2
941	3
942	2
943	5
944	1
945	4
946	2
947	1
948	1
949	1
950	1
951	4
952	1
953	9
954	1
955	0
956	5
957	3
958	2
959	4
960	2
961	2
962	1
963	1
964	1
965	3
966	4
967	2
968	1
969	1
970	1
971	1
972	2
973	4
974	2
975	1
976	3
977	2
978	0
979	4
980	1
981	2
982	4
983	2
984	3
985	2
986	3
987	2
988	5
989	4
990	0
991	1
992	2
993	0
994	2
995	5
996	2
997	2
998	5
999	2
1000	3
1001	3
1002	2
1003	1
1004	2
1005	4
1006	0
1007	3
1008	1
1009	4
1010	1
1011	4
1012	3
1013	1
1014	1
1015	3
1016	2
1017	2
1018	2
1019	4
1020	3
1021	2
1022	1
1023	2
